750
1
28
3
291 689
4
167
5
133 861
7
372 625
9
383 618
11
484 511
13
606
14
464 529
16
454 543
17
387
19
446
21
203
22
775
23
567
24
125
25
602
29
118 881
33
336 662
34
275
35
358
38
248 735
39
342
41
349
42
276
43
49 960
45
36 974
48
375 622
50
156 833
56
87
60
197
62
576
63
505
70
98
73
182 800
74
100
75
616
77
6 995
78
286
81
450
83
339 659
89
300
90
314
92
260
103
267
106
746
107
113
109
820
110
15 988
111
423
112
59 946
120
67 937
121
201
122
401 598
127
217
132
594
135
208
136
169 813
139
467
140
457
141
994
142
178
145
768
148
245
149
532
154
483
159
370
164
494 498
166
296
170
229
174
704
176
614
177
153 835
179
194
181
254
184
755
186
101 898
187
206 781
189
124 873
192
561
193
214 773
196
436
202
337 661
205
76 928
209
215 770
210
406
211
287
212
373 624
213
144 847
216
388 609
219
288 697
220
480
222
514
225
327 668
228
281
230
497
232
247
233
343 653
235
226 760
239
899
240
147 841
241
329
251
386 612
255
855
258
688
261
115 884
265
516
268
435
272
64 943
274
69 932
277
361
278
299
279
413 582
282
303
283
732
284
366 631
292
648
293
400
294
623
298
754
301
320
302
367
305
376 620
308
381
309
644
311
151 838
312
803
313
402 595
315
474 522
316
736
317
352
319
238 750
323
923
325
638
326
348
328
393
332
416
333
430
334
356
340
778
346
161 824
347
893
351
158 828
354
509
357
421
360
473
362
364
369
54 953
374
82 919
377
172 808
378
290 695
379
389
380
530
391
908
396
324 670
397
950
404
546
411
96 903
412
584
420
12 990
425
237 751
429
550
431
712
433
605
439
20 984
440
719
441
104 894
442
150 840
448
533
451
745
453
799
456
72 929
460
654
462
162 818
463
444 552
468
160 825
472
725
477
559
479
761
485
596
486
488
489
384 617
491
942
493
551
499
723
500
647
502
830
504
728
506
458 537
507
97 902
508
539
515
264 710
519
253 720
520
382 619
526
939
531
108 891
536
262 714
538
962
540
385 615
541
163 817
549
26 982
554
438 558
555
93 910
556
341 657
557
707
560
771
565
604
569
645
570
951
574
807
575
802
588
350 637
591
481 513
592
249 731
593
756
597
130 866
610
165 816
611
741
613
727
621
47 961
626
629
627
849
639
706
640
244 740
641
992
642
263 711
646
679
649
250 726
650
924
652
403 590
655
671
656
175 805
658
667
663
870
669
865
672
155 834
677
58 947
678
747
680
102 897
682
8 993
687
27 981
690
331 665
691
787
692
134 858
693
168 814
694
195 793
702
888
708
886
713
185 797
718
88 912
722
978
724
887
729
812
730
40 968
733
772
734
852
738
2 996
739
80 920
742
51 958
743
146 846
748
906
757
129 868
764
821
766
495 496
767
867
776
173 806
777
157 832
779
449 545
780
180 801
784
831
785
99 901
786
123 876
790
839
791
307 681
792
191 794
804
126 872
809
921
811
252 721
815
355 635
819
227 759
822
465 528
823
844
826
190 795
827
246 737
829
878
836
344 651
842
922
843
410 583
845
114 885
848
933
850
143 853
851
52 957
854
926
859
417 579
860
335 664
863
266 709
864
997
869
32 977
874
424 572
875
889
877
119 879
880
345 643
890
137 857
895
243 744
896
936
900
242 749
905
152 837
907
117 882
913
71 930
914
959
917
976
925
231 758
931
948
935
259 715
938
970
944
53 956
954
972
955
10 991
963
91 911
964
224 762
966
983
969
478 517
971
44 967
975
85 916
986
55 952
987
61 945
989
270 703
998
183 798
0 999
428 566
18 985
37 973
30 980
66 940
31 979
68 934
46 965
390 608
57 949
105 892
65 941
338 660
79 927
437 562
84 918
198 789
86 915
415 580
94 909
138 856
95 904
116 883
128 871
371 628
131 862
218 769
171 810
310 676
188 796
200 783
199 788
234 753
204 782
207 774
221 765
409 585
223 763
256 717
236 752
257 716
269 705
318 675
271 701
330 666
273 700
414 581
280 699
476 518
285 698
304 684
289 696
470 524
295 686
407 587
297 685
392 607
306 683
365 632
321 674
353 636
322 673
395 601
359 634
394 603
363 633
447 547
368 630
461 534
398 600
405 589
399 599
432 564
408 586
492 501
418 578
459 535
419 577
443 553
422 573
452 544
426 571
466 527
427 568
475 521
434 563
471 523
445 548
455 542
469 525
490 503
482 512
487 510
